552
832
589
930
401
793
509
640
334
503
751
179
451
968
597
417
96
380
105
163
367
377
734
89
566
373
385
54
600
404
769
705
902
82
360
536
867
220
605
781
770
104
717
808
1
9
287
743
592
386
342
927
120
261
507
337
719
273
683
296
788
233
504
997
850
366
36
892
961
726
825
610
275
977
123
213
226
554
304
921
257
196
668
901
580
514
479
947
86
363
800
192
931
745
394
341
964
637
269
477
552
395
360
86
779
309
490
906
133
217
13
119
750
301
893
955
546
255
603
465
680
691
920
475
873
343
881
423
120
953
820
889
34
800
630
927
595
984
593
570
74
988
595
276
28
527
270
544
381
379
860
889
52
402
812
797
3
944
981
105
528
631
952
682
87
749
312
823
936
667
22
460
223
278
925
199
22
586
256
632
567
975
205
653
570
268
104
61
788
920
685
554
785
808
426
258
386
622
559
924
741
771
138
868
963
847
772
77
784
187
779
964
918
658
411
801
555
659
646
504
28
772
754
169
538
619
420
466
950
727
751
780
958
912
957
871
199
843
800
540
975
996
823
470
483
123
851
275
192
760
672
882
970
94
173
339
154
534
585
437
940
233
267
980
534
626
288
304
245
697
529
323
140
549
920
252
594
716
85
418
238
793
773
701
459
67
753
933
105
592
26
322
643
366
826
460
70
489
648
635
310
490
224
850
986
484
586
763
887
713
862
724
504
81
685
736
852
404
723
817
502
587
527
937
441
565
120
476
471
363
39
642
308
303
527
19
195
809
966
321
763
490
906
192
56
121
754
642
513
247
277
884
716
355
311
208
617
329
280
296
507
625
72
224
698
607
467
413
716
866
627
333
42
284
879
447
98
951
233
567
960
778
242
44
921
595
87
191
25
687
367
674
113
894
796
955
984
813
96
782
236
652
847
685
717
708
663
711
212
787
627
452
642
72
904
599
536
415
868
622
652
577
142
519
523
25
975
353
861
652
240
519
259
280
184
839
468
304
256
56
57
819
72
992
458
911
503
610
691
753
607
446
58
728
68
490
88
774
277
763
618
978
284
54
578
783
374
18
948
853
173
949
225
153
514
235
594
500
564
420
124
111
675
453
975
844
840
720
415
135
875
742
793
944
372
551
997
129
842
496
448
266
868
761
83
752
131
774
580
41
932
597
490
439
680
465
544
118
854
397
435
703
37
53
375
190
389
498
341
837
996
655
776
183
515
896
782
384
498
557
666
446
588
432
200
517
360
371
884
245
666
699
248
878
909
661
29
999
965
88
359
520
422
415
858
172
257
499
737
834
397
51
795
26
901
413
438
321
453
398
906
29
472
328
929
735
293
320
855
800
296
626
253
475
85
437
388
372
144
135
314
595
564
372
857
801
914
129
452
326
371
834
130
384
111
947
911
513
538
441
728
415
842
287
306
955
851
560
717
348
337
52
813
396
879
338
341
390
11
445
477
639
889
44
737
689
496
197
405
533
144
685
473
225
221
119
983
362
675
511
188
197
130
478
583
141
457
709
971
833
114
415
785
839
682
45
917
671
834
839
65
250
314
522
873
478
969
362
325
437
406
891
457
756
91
28
52
13
686
346
173
90
198
515
632
504
593
273
832
774
189
460
832
88
847
142
591
190
198
734
531
488
16
645
51
641
129
851
970
281
37
656
463
778
131
77
210
29
219
853
28
804
402
527
562
817
725
755
852
586
74
944
979
923
619
446
60
687
367
184
330
992
393
940
72
276
220
105
807
73
852
912
449
127
863
721
140
797
713
834
251
712
57
864
825
505
951
430
346
797
292
596
371
270
64
619
662
137
267
379
993
58
863
72
366
665
228
414
604
821
314
285
732
807
936
648
202
352
340
50
103
162
171
634
60
135
449
480
736
743
856
925
586
468
366
185
585
38
526
635
559
653
441
41
896
862
332
8
663
158
718
516
976
11
292
933
369
874
703
8
474
596
953
230
416
63
641
739
267
940
500
902
369
644
563
555
189
446
317
190
199
199
537
26
304
986
367
43
531
890
300
627
987
585
948
413
571
738
474
862
833
114
53
193
613
53
746
580
70
77
117
144
754
916
808
606
906
885
943
949
930
925
960
605
642
981
338
356
728
86
737
503
846
224
257
344
193
728
329
604
795
162
576
185
870
404
555
700
601
397
942
902
733
548
600
900
246
547
559
252
170
524
514
611
514
617
852
983
323
934
154
204
195
5
216
378
318
812
365
408
605
113
902
955
984
89
835
950
703
576
425
854
272
152
658
182
465
990
306
530
679
932
695
119
640
982
166
115
97
587
86
33
902
643
382
721
806
594
821
99
993
830
770
210
62
220
809
114
976
930
556
88
491
966
814
424
274
84
710
505
841
702
237
16
499
106
58
808
2
706
742
176
850
933
370
467
390
721
966
379
727
303
552
713
72
183
632
514
801
87
300
512
490
261
172
291
66
521
265
611
734
241
332
368
103
549
891
112
868
397
849
43
889
549
677
332
997
957
100
427
442
215
784
441
474
341
842
265
462
861
43
25
284
486
484
599
658
824
345
484
746
587
894
70
929
124
697
80
177
44
920
29
546
810
729
216
826
886
171
939
12
899
831
625
972
195
560
302
62
848
291
711
68
254
913
95
41
949
998
839
889
602
277
366
404
413
553
802
439
622
732
603
822
85
50
616
805
99
237
527
23
438
357
428
999
932
518
190
665
18
297
522
767
763
657
484
703
351
642
363
136
690
860
434
119
847
667
839
211
181
343
243
458
863
643
224
397
442
362
669
713
73
447
300
417
944
698
777
833
598
93
196
690
496
877
302
788
785
144
883
18
774
774
599
443
500
295
108
369
117
870
484
187
658
899
412
544
636
286
15
885
368
97
821
359
20
817
344
496
881
877
162
312
415
511
196
61
197
87
334
695
717
898
534
228
281
88
406
388
501
258
440
221
336
794
364
458
650
570
119
435
74
946
62
595
134
579
402
167
122
535
657
848
949
291
750
781
533
770
677
594
948
660
264
216
781
253
266
429
953
477
70
218
347
315
790
519
748
980
428
403
842
737
39
263
58
384
991
74
145
945
449
275
80
119
891
143
804
488
422
291
826
565
805
181
174
664
784
263
567
319
760
384
558
758
320
613
113
865
863
257
360
643
392
847
816
241
633
105
441
558
610
977
847
854
256
347
145
769
271
981
223
495
639
957
914
849
74
649
42
338
59
277
327
398
161
815
354
229
320
564
450
124
822
181
541
570
108
989
898
31
41
388
756
426
349
474
209
67
947
28
961
247
843
655
165
650
508
454
794
411
728
107
556
663
795
544
474
275
913
970
317
988
388
165
108
243
465
826
123
506
354
59
839
122
991
180
930
941
454
374
324
279
621
618
812
396
396
779
413
132
392
607
418
504
95
305
565
616
12
196
866
362
584
784
438
585
22
665
596
67
89
194
226
781
386
641
82
920
471
875
726
426
637
110
801
173
599
432
271
360
896
914
846
258
990
96
80
510
877
925
330
686
604
157
359
461
324
491
469
184
899
567
182
541
837
513
862
250
516
82
503
763
228
399
408
95
12
881
552
284
850
621
665
87
758
732
489
516
398
899
841
717
564
967
93
984
182
946
114
69
646
285
220
114
8
194
978
6
106
914
335
951
772
137
405
440
748
435
29
848
564
69
221
161
482
149
133
704
518
883
45
543
767
542
563
134
640
256
44
883
493
554
700
606
787
324
363
299
335
912
620
319
379
954
55
116
203
858
55
276
15
158
858
184
472
581
229
187
254
834
359
686
644
746
250
616
20
798
429
71
915
992
181
900
399
884
627
216
612
820
997
77
301
509
115
880
986
392
751
666
195
936
338
302
386
530
953
73
555
378
201
789
78
811
930
108
575
451
82
53
525
539
599
707
419
536
787
914
698
342
293
728
252
600
430
592
232
12
181
416
223
492
247
881
576
852
42
996
331
3
462
848
143
689
795
678
818
563
747
720
832
597
939
968
667
360
979
503
481
304
955
889
477
165
452
467
550
442
860
953
316
517
296
307
276
887
739
127
785
609
543
788
359
328
667
784
165
968
923
34
985
605
696
616
355
960
145
673
756
701
833
131
618
985
737
113
241
642
817
219
573
263
570
712
274
835
540
63
46
634
783
59
272
244
142
505
90
973
141
653
727
357
290
881
578
815
89
162
217
750
120
741
756
892
473
647
391
973
993
748
159
480
797
688
470
751
145
844
202
754
460
314
872
32
958
778
420
218
717
932
453
690
690
275
403
335
132
929
635
284
693
239
484
656
470
137
65
942
231
324
879
656
805
613
167
750
273
477
159
338
199
180
352
658
849
694
324
66
881
846
159
122
650
857
884
694
675
810
638
699
97
19
156
338
127
151
596
905
995
755
431
300
557
600
398
162
612
656
437
34
998
28
208
399
949
231
110
481
153
230
12
268
739
592
427
617
345
509
989
158
326
787
886
512
323
126
273
248
920
716
718
180
38
935
876
499
142
621
944
730
713
292
273
316
866
806
489
269
156
830
194
205
497
996
817
369
610
621
126
669
475
454
516
401
735
343
967
637
63
478
300
889
509
759
203
269
167
784
850
994
920
370
991
632
280
468
649
882
667
692
604
208
999
88
200
66
284
553
243
175
708
820
859
178
591
202
555
999
962
195
520
749
398
841
889
698
917
216
162
920
252
794
726
534
274
794
665
126
762
639
71
693
902
611
405
457
35
501
902
802
255
312
714
704
28
768
851
745
616
151
420
3
575
773
211
875
776
167
255
294
202
986
930
260
649
3
199
412
691
615
367
798
281
66
55
924
932
719
773
103
943
537
545
23
207
788
812
427
739
431
329
583
509
749
801
665
634
427
144
1
99
769
0
308
269
830
110
460
537
921
634
494
289
130
228
371
595
676
49
550
740
486
797
154
495
370
808
711
711
4
387
219
620
969
381
296
619
512
934
158
34
593
844
700
311
198
961
0
910
487
909
632
681
271
756
193
755
408
818
847
363
514
885
385
464
991
145
535
895
298
11
943
312
75
36
10
406
113
526
626
426
964
353
94
716
690
18
392
77
862
603
171
255
962
174
958
13
459
808
833
865
939
271
788
392
507
81
319
636
684
665
270
221
166
153
197
600
819
819
62
788
419
444
428
829
525
134
422
112
411
514
784
789
371
730
864
646
230
15
880
473
782
14
506
987
532
774
603
486
0
338
275
641
693
289
62
365
993
458
686
39
531
817
101
568
329
976
991
162
280
725
568
472
73
575
74
687
569
730
433
704
832
87
90
315
763
209
703
655
200
976
318
395
565
869
136
705
632
361
197
837
551
909
651
376
884
459
989
167
232
544
955
617
524
373
735
697
352
454
994
661
365
550
491
836
780
404
449
344
438
856
164
743
576
473
273
143
282
971
765
370
934
46
392
235
265
203
659
337
536
191
106
463
401
455
985
86
719
243
226
462
664
402
401
323
178
704
751
643
540
639
739
606
218
244
952
612
859
508
11
540
165
602
797
48
5
317
439
717
261
828
50
583
942
962
232
750
327
902
733
564
61
680
524
38
379
789
574
268
477
984
451
949
641
103
824
616
172
492
712
912
125
113
270
686
645
114
221
165
901
267
805
712
105
69
37
272
964
212
659
584
701
245
722
869
0
25
729
491
961
447
221
649
917
124
82
787
22
254
724
584
356
441
234
128
320
720
865
460
435
835
47
138
863
623
87
959
669
480
997
524
747
951
996
692
62
290
101
148
499
677
869
225
747
898
345
386
38
844
713
810
92
961
443
273
391
160
363
934
17
688
623
7
495
702
913
284
992
451
670
72
820
172
434
166
717
731
969
573
285
255
836
610
909
15
229
607
633
800
531
395
428
976
273
400
690
548
828
178
78
183
939
157
860
663
772
912
978
656
202
220
196
884
781
913
660
855
21
2
158
840
918
708
21
90
25
72
353
943
752
321
9
134
185
921
24
236
660
804
924
20
942
278
172
675
485
269
13
286
282
778
141
87
758
695
104
632
815
186
480
547
81
241
751
266
269
618
933
607
799
707
826
976
412
228
48
791
944
47
14
18
231
125
204
529
897
532
927
68
514
147
698
615
46
789
838
761
307
889
863
125
393
376
216
859
298
677
641
599
491
11
85
372
45
875
267
273
119
607
43
999
515
47
334
586
24
554
712
87
652
344
522
909
176
647
731
350
250
708
252
65
936
185
989
30
776
279
884
341
883
471
711
394
154
808
85
291
783
314
813
37
191
761
482
554
840
459
379
171
190
977
681
869
781
70
664
786
827
340
397
94
474
972
152
361
743
265
551
201
308
4
757
794
548
469
956
533
47
269
756
392
390
324
118
19
637
695
435
505
810
189
624
840
612
314
651
150
38
922
973
712
773
840
554
561
565
582
763
847
528
918
7
46
902
319
566
972
728
132
432
86
60
481
937
654
340
204
344
627
964
457
40
570
64
745
335
359
415
406
993
580
431
50
441
190
47
522
733
10
305
853
633
224
8
170
381
67
833
107
686
33
563
37
498
305
872
787
782
944
902
667
205
182
38
776
401
316
238
851
165
412
569
843
725
394
481
246
537
580
724
240
272
185
479
388
863
985
934
859
955
905
902
309
409
968
782
384
921
395
313
439
153
340
262
957
441
804
104
631
715
805
155
672
783
827
315
119
920
916
228
657
361
99
5
812
927
54
258
260
576
491
576
346
156
413
440
243
263
63
435
258
126
321
157
443
909
762
568
20
882
830
466
19
284
834
49
565
327
658
91
672
247
840
176
813
692
276
920
280
328
498
684
225
637
409
263
594
289
178
305
975
394
674
455
404
783
92
706
83
549
93
793
930
802
906
145
439
631
596
62
930
124
703
273
788
583
67
831
857
326
822
757
622
51
209
505
657
517
402
388
314
769
543
950
511
527
565
939
557
880
537
103
381
339
919
992
803
300
370
411
895
436
629
982
653
659
374
938
391
784
832
997
770
893
469
334
827
26
994
707
176
380
409
590
505
271
709
959
3
430
144
236
403
36
517
469
147
232
38
598
646
717
726
119
517
851
388
525
81
834
681
360
106
317
743
478
21
67
230
449
945
440
419
223
483
545
774
390
277
2
622
904
771
549
665
34
33
209
992
620
825
70
39
347
732
803
249
825
275
745
308
286
619
311
766
809
639
381
830
371
286
957
787
855
867
394
857
504
46
786
978
199
708
194
778
924
347
80
357
611
335
624
629
977
84
982
237
416
735
628
880
885
881
895
244
818
211
349
856
561
567
940
403
677
921
975
191
250
539
698
811
391
289
88
78
454
421
444
813
504
584
350
658
523
888
567
54
119
160
722
664
850
802
311
711
329
289
669
94
644
526
894
297
95
683
911
566
45
31
778
846
238
680
855
686
721
110
862
537
110
526
239
814
653
604
546
261
159
348
867
487
392
831
52
161
448
985
673
57
681
792
698
332
275
139
714
691
299
562
775
340
614
193
952
64
438
330
301
42
778
683
304
178
102
196
986
986
417
623
232
59
138
549
498
916
73
745
754
878
679
715
137
521
441
738
530
646
188
636
59
765
543
687
343
175
278
97
898
661
352
890
573
625
598
560
877
283
897
442
755
572
744
442
565
516
719
358
798
486
121
354
926
641
417
705
96
554
895
158
690
147
302
915
392
561
597
745
307
937
89
228
101
323
418
957
142
974
28
227
26
678
342
298
812
759
934
351
805
690
346
500
200
239
586
876
10
312
203
632
938
705
832
357
968
637
614
856
936
212
38
560
588
283
362
499
568
689
268
449
275
946
832
247
580
484
538
576
181
664
670
405
614
301
167
490
956
2
349
745
889
769
111
826
119
515
763
418
941
57
559
921
849
77
856
411
200
351
922
508
145
91
110
195
422
964
820
155
187
463
614
945
188
399
460
193
41
474
105
737
819
932
947
497
423
788
287
271
837
580
871
941
682
649
552
475
660
501
962
749
799
293
754
322
20
424
264
397
895
388
347
37
861
181
475
640
818
323
173
510
527
457
421
21
289
421
344
649
194
700
435
345
305
144
753
442
698
574
50
574
386
88
89
963
129
764
892
525
145
954
498
346
242
549
373
904
520
342
61
362
250
705
802
485
948
697
613
167
697
300
282
626
319
960
717
910
194
757
858
240
446
910
357
370
496
976
386
544
305
836
317
97
906
962
235
667
67
832
532
979
322
474
414
169
116
10
842
428
505
674
440
291
313
723
103
996
805
682
622
455
375
323
15
659
263
687
964
272
169
726
89
43
429
930
897
150
228
498
45
101
77
298
459
44
893
529
376
865
679
294
881
838
982
686
633
676
451
126
564
809
812
421
588
349
624
615
49
917
279
20
859
494
809
447
289
245
54
944
678
687
615
888
679
106
576
338
190
835
417
505
65
117
611
562
180
844
277
751
569
40
141
213
161
935
329
716
333
997
467
808
831
895
916
167
443
541
843
788
875
45
950
480
412
820
33
68
491
638
597
164
717
502
202
883
183
657
597
934
867
605
43
439
308
673
149
861
265
623
863
437
41
931
932
931
705
654
161
861
562
913
880
289
27
338
126
544
930
284
502
384
765
939
714
301
294
815
696
256
214
70
430
101
730
315
871
588
583
655
973
933
351
401
844
557
771
922
147
351
94
730
224
119
893
968
382
133
954
498
435
733
126
16
728
902
553
377
812
657
90
155
212
482
106
276
274
738
557
247
640
10
268
358
635
493
613
519
546
35
742
24
813
460
610
243
160
155
758
578
706
269
628
527
326
785
555
297
907
191
559
93
573
687
39
884
225
548
611
828
168
911
545
420
691
284
709
56
393
640
536
62
669
937
317
638
413
129
279
90
788
503
281
848
601
129
233
131
604
884
232
209
139
966
808
304
334
736
821
895
623
365
838
249
592
886
459
196
831
771
270
87
232
257
810
268
253
742
685
367
408
37
634
776
315
635
589
951
141
543
220
907
84
648
689
558
552
697
725
111
499
649
118
635
185
92
217
254
763
124
552
221
917
539
970
899
321
247
385
669
171
809
781
150
416
696
776
584
143
201
726
946
992
146
537
745
52
16
690
269
64
100
452
574
813
18
642
493
436
31
447
873
203
395
717
748
451
417
884
799
350
445
329
742
259
455
687
685
299
466
320
355
492
621
70
803
494
975
467
596
249
330
674
571
8
531
47
240
272
656
376
619
180
988
214
118
195
64
139
605
464
10
930
909
745
373
426
800
685
73
291
28
295
66
933
282
496
260
128
117
347
487
205
289
36
57
222
280
476
666
227
925
986
172
464
129
938
300
829
719
969
493
806
964
49
817
556
393
369
906
731
397
558
229
333
495
628
228
695
539
522
661
212
145
215
484
796
270
332
557
743
348
558
165
392
499
449
427
383
792
937
3
678
903
365
341
828
607
189
984
657
41
435
349
923
195
79
935
730
142
121
159
116
58
171
140
743
861
607
114
995
338
911
661
274
104
247
724
937
276
502
932
63
449
11
237
172
617
935
248
628
62
693
312
779
424
711
335
431
667
105
321
157
221
71
642
666
25
194
52
872
820
508
502
781
957
710
531
391
377
810
671
242
858
340
355
925
574
722
138
218
69
372
231
598
809
392
985
650
997
29
997
994
988
831
538
771
237
137
277
362
675
428
850
70
480
968
901
801
664
883
877
809
390
716
369
218
362
109
264
465
472
851
189
725
379
767
12
268
329
116
871
415
917
635
43
59
902
571
204
985
757
276
23
199
761
815
343
217
444
634
166
717
278
173
770
398
678
227
385
415
259
659
623
185
847
747
430
122
850
541
804
799
18
321
702
758
699
68
930
623
476
743
829
727
121
253
352
337
995
834
316
374
991
354
515
49
760
191
781
691
791
571
160
951
82
740
693
274
45
584
495
294
62
185
71
167
311
594
767
628
139
490
676
11
126
84
857
455
525
165
535
562
788
30
424
320
541
990
588
118
736
382
740
125
239
571
787
746
783
458
102
432
140
820
530
873
742
890
388
257
485
663
722
990
284
694
725
229
417
356
24
569
343
76
849
161
750
438
713
545
830
855
338
96
422
107
156
151
646
322
618
96
321
838
401
216
734
69
483
559
774
688
132
429
787
981
286
443
723
312
956
506
457
274
362
139
520
545
175
433
375
503
339
736
193
585
196
470
621
465
802
495
132
617
540
240
789
666
117
762
520
839
209
431
71
661
94
558
181
199
552
897
690
456
610
505
424
205
512
933
24
310
200
613
182
492
284
520
117
631
282
667
51
698
255
64
214
622
802
724
74
704
471
694
771
253
903
276
340
906
816
615
624
459
983
581
726
1
707
791
569
384
816
802
764
42
899
842
370
264
990
466
218
435
789
268
42
884
878
346
367
996
667
645
945
655
479
819
187
272
102
213
803
835
427
984
241
796
923
192
744
828
814
98
518
36
880
324
882
229
216
580
850
344
383
492
998
205
844
168
102
781
564
749
63
406
192
856
321
182
157
12
605
888
819
920
432
253
762
698
917
109
623
62
455
236
497
777
438
249
645
35
144
258
202
44
921
574
387
37
91
334
250
695
784
400
765
334
519
839
576
350
725
770
995
646
708
944
331
910
259
619
393
556
536
517
28
121
412
703
93
500
708
724
468
951
572
699
55
757
980
693
382
272
599
656
605
362
179
103
457
921
659
52
611
852
566
923
963
613
800
530
985
666
571
58
770
358
879
814
352
566
187
731
753
490
488
697
644
65
955
184
117
571
575
684
652
620
65
454
543
839
144
718
981
656
761
103
614
938
865
890
913
310
869
617
297
460
263
319
974
18
642
702
381
399
270
567
95
915
792
438
894
72
440
867
745
104
445
640
353
269
397
819
155
811
195
189
477
806
427
691
725
51
688
588
65
569
820
78
380
677
262
730
599
674
560
730
786
934
505
197
581
553
751
165
866
379
822
925
176
305
755
392
821
485
21
701
625
590
548
939
125
649
563
614
78
540
804
605
840
479
119
203
601
786
152
907
792
554
684
47
679
836
161
644
904
431
123
395
782
226
578
721
410
713
829
499
381
36
25
103
881
767
670
815
834
312
752
488
544
92
532
806
755
27
10
44
18
992
658
142
498
380
471
636
703
373
565
646
881
714
160
263
518
716
652
760
370
500
337
130
205
179
645
943
714
965
217
366
762
295
180
653
73
389
796
230
552
135
351
474
785
448
359
504
601
216
391
819
482
602
902
67
145
277
356
664
746
391
388
212
186
680
589
532
469
585
751
495
840
704
383
674
302
398
503
236
70
972
790
808
709
821
933
438
558
856
743
337
837
41
349
144
905
638
175
299
533
374
659
210
275
567
972
607
791
182
32
36
967
463
610
821
372
581
726
539
918
163
578
258
200
351
8
778
476
721
434
476
381
714
743
655
842
965
103
851
953
488
124
783
988
551
994
935
514
81
27
853
827
529
702
323
779
708
589
403
564
402
898
632
359
660
654
890
382
594
219
434
857
877
490
739
526
875
245
428
272
560
803
957
313
985
380
643
64
362
612
187
935
294
489
184
866
522
862
597
659
852
352
532
653
922
886
135
563
914
879
145
993
414
818
19
427
444
561
801
981
407
84
39
737
250
69
339
376
92
573
754
164
835
508
909
908
66
464
853
241
919
112
161
582
58
712
15
677
609
600
312
292
507
26
545
93
103
887
387
817
468
32
151
339
645
527
489
52
497
395
95
621
126
350
238
784
898
558
559
401
61
143
593
75
609
249
667
454
119
940
1
770
14
975
141
837
771
378
655
831
737
470
115
950
75
797
324
389
205
437
36
242
817
966
153
533
303
886
108
311
784
331
765
502
329
372
302
14
535
297
928
95
360
268
120
108
58
538
570
531
22
465
148
819
573
213
31
894
559
214
316
325
497
181
612
180
671
917
467
421
255
114
419
732
676
157
24
526
703
941
989
433
967
371
95
336
299
529
105
245
535
165
827
615
906
526
738
457
523
85
851
206
503
60
400
553
967
616
820
790
869
617
298
503
837
184
344
97
327
821
325
918
385
695
150
400
227
942
360
2
188
999
472
845
78
75
785
174
205
558
175
730
526
308
91
741
9
395
439
702
405
632
348
77
826
175
154
170
573
615
486
332
928
387
518
814
357
559
481
572
716
849
215
304
57
934
734
516
914
858
747
490
765
890
204
817
21
937
904
941
342
990
250
346
608
861
349
878
252
210
565
925
689
156
836
610
522
352
492
723
974
628
344
509
112
294
805
236
943
755
877
483
600
78
350
25
382
12
819
290
953
92
251
177
435
984
173
137
13
633
7
173
566
207
736
572
776
558
663
395
611
64
639
587
132
40
735
815
515
820
920
868
268
699
999
881
90
680
267
179
800
510
161
113
516
593
62
298
995
286
891
164
398
107
93
286
261
648
854
426
800
472
51
103
297
795
733
911
238
432
587
378
946
435
349
875
873
252
142
618
674
687
683
767
750
102
626
634
613
205
67
922
437
63
58
627
399
282
461
436
507
279
33
221
59
458
395
173
612
145
164
253
829
209
208
552
394
308
947
465
270
778
130
167
448
233
458
154
119
513
67
486
69
344
246
565
957
957
508
848
688
753
339
642
264
625
138
555
330
78
433
203
934
336
459
591
976
779
601
14
158
42
837
480
421
801
461
158
132
584
556
540
850
791
780
264
511
399
980
733
425
519
545
924
818
142
816
484
48
900
771
190
113
362
268
541
187
871
553
277
592
15
679
882
268
735
846
733
373
942
213
935
629
785
99
164
164
579
186
833
135
894
726
775
38
329
147
720
654
832
423
353
329
110
878
614
506
965
815
492
323
48
687
315
654
197
125
357
175
291
660
741
537
93
236
14
89
812
710
185
844
580
603
578
452
796
935
517
769
519
115
158
759
719
730
930
674
514
232
823
982
434
517
990
78
518
203
696
759
365
946
97
871
643
634
398
359
630
601
41
224
836
169
549
160
747
99
239
393
667
603
505
218
551
166
457
187
309
495
336
381
381
540
284
263
532
811
719
509
92
505
983
863
622
449
915
611
872
91
947
664
296
712
479
23
976
502
228
84
409
859
778
841
330
931
813
887
956
76
889
515
647
350
702
481
220
67
116
21
214
315
114
714
817
278
564
980
964
15
736
743
121
240
730
88
324
875
474
875
561
599
903
118
226
544
811
371
79
272
724
212
756
677
501
731
938
707
275
816
2
773
51
130
801
169
461
761
461
705
694
379
891
505
481
199
972
562
85
544
957
29
430
131
797
208
21
666
614
980
855
607
917
29
956
315
731
608
398
257
507
720
908
984
919
43
552
661
754
131
304
361
63
364
263
452
409
963
164
690
314
714
566
268
538
992
238
82
281
637
327
733
91
87
946
741
200
605
319
862
375
967
180
653
17
147
498
380
566
62
313
978
33
187
502
325
547
273
366
411
671
183
457
193
844
112
194
219
347
465
432
63
380
40
510
226
948
29
582
260
89
388
873
448
396
202
695
640
493
867
86
101
244
769
807
473
681
644
644
705
539
132
28
695
714
200
259
309
778
867
375
781
503
430
713
108
157
56
305
233
127
315
76
889
930
227
768
337
103
533
547
477
904
320
499
5
163
282
754
413
672
923
435
157
387
21
98
657
105
174
432
322
206
434
751
585
653
866
587
0
164
924
446
476
810
903
496
392
76
297
618
617
183
64
770
205
794
332
53
763
192
745
934
960
297
0
393
510
667
986
583
155
66
424
293
473
179
114
258
143
464
766
879
394
837
635
890
693
265
448
948
898
995
725
881
547
191
84
462
810
549
654
163
921
869
602
576
486
599
966
898
716
765
149
416
698
834
611
482
257
909
823
110
595
194
957
452
129
304
959
745
585
67
36
254
906
445
612
917
581
418
990
92
24
539
184
378
28
762
745
891
270
576
534
743
965
609
298
851
324
839
611
50
786
657
774
666
168
317
508
446
390
305
909
516
933
417
693
284
495
242
446
34
484
459
649
597
399
560
661
267
890
77
809
668
998
196
397
570
765
524
19
841
600
378
332
268
703
158
683
282
440
575
614
565
702
412
126
862
80
141
272
872
161
246
890
483
348
818
265
427
859
24
403
525
828
522
40
676
239
760
577
281
567
556
754
713
466
591
651
64
705
707
490
715
797
646
523
772
8
147
821
645
76
203
421
274
863
646
100
106
282
776
73
897
176
216
59
169
350
472
481
927
539
251
814
725
515
336
429
72
336
836
957
499
997
149
391
924
745
400
546
100
35
381
106
845
115
200
380
17
652
846
213
865
385
184
795
938
122
46
440
482
656
456
576
424
566
72
270
63
524
535
818
505
438
587
442
486
290
217
120
180
583
977
602
107
287
30
616
313
925
664
678
790
24
122
72
517
504
724
225
774
892
384
623
954
82
354
11
474
719
303
771
763
3
453
649
363
930
964
972
939
916
253
187
709
624
794
75
124
84
405
640
119
582
575
548
389
957
498
237
719
907
207
250
220
61
18
554
299
443
850
674
826
441
344
991
220
506
315
65
633
321
506
969
67
336
149
737
509
933
340
345
669
356
831
148
654
184
637
358
686
774
186
210
414
826
578
397
460
734
418
264
475
8
78
74
321
670
559
441
831
986
99
63
499
800
834
296
886
675
312
111
974
618
809
844
657
532
358
587
831
864
345
140
233
758
373
800
51
560
35
837
837
115
94
635
982
434
349
977
78
252
742
526
880
82
127
448
705
932
796
645
856
685
35
557
594
297
564
813
226
709
249
116
840
970
296
814
404
186
535
51
637
999
539
764
849
245
817
480
396
388
687
161
974
119
903
502
957
82
956
842
712
342
683
350
914
840
625
143
294
61
144
504
612
809
469
697
188
63
473
439
176
155
973
395
784
213
52
817
879
569
334
24
70
890
207
653
523
253
782
385
712
551
409
736
117
211
672
711
990
99
131
67
429
685
963
874
609
531
751
366
954
554
951
219
101
219
773
261
734
274
177
781
909
111
93
546
950
176
961
421
358
695
147
898
5
751
127
108
162
966
817
197
269
968
854
5
566
632
51
336
581
767
348
651
239
710
809
284
196
736
260
337
782
297
925
684
489
493
252
744
96
908
783
135
678
596
799
451
830
833
529
345
167
855
849
47
87
334
323
302
783
533
653
640
652
765
161
192
693
394
596
357
52
399
176
445
479
212
880
532
719
96
520
665
180
811
797
71
342
995
168
572
917
948
15
105
913
913
487
330
742
454
893
600
667
186
984
581
183
651
419
881
314
265
101
986
279
502
335
332
0
127
593
781
606
452
991
182
847
942
674
625
390
743
614
218
453
985
788
649
246
902
367
462
603
271
176
43
142
122
402
723
139
187
204
473
78
51
83
836
66
790
433
839
566
185
44
773
712
395
855
271
241
168
34
94
954
278
915
957
661
117
678
890
999
48
421
834
915
757
366
876
418
305
604
561
520
655
753
958
685
515
565
176
861
867
583
217
993
163
477
710
518
149
247
852
899
740
173
389
835
784
482
945
656
585
414
441
474
646
292
654
976
952
340
354
718
81
198
724
921
962
16
817
502
294
872
402
730
796
362
657
687
429
507
222
942
681
128
453
406
678
636
754
327
488
81
307
580
388
735
44
61
912
257
181
286
804
54
664
955
336
57
34
651
176
327
954
864
497
222
122
156
792
616
251
926
633
738
865
431
810
211
834
581
420
525
371
341
186
779
496
475
639
723
63
809
406
534
464
257
716
899
698
263
484
622
397
100
572
870
658
741
325
999
767
451
909
759
447
177
40
103
814
934
380
879
651
156
829
295
6
396
4
523
880
559
782
519
540
637
120
947
954
852
500
293
57
48
658
320
365
374
831
348
466
315
404
885
149
535
442
972
209
107
358
832
112
965
6
428
785
424
130
564
130
219
129
291
882
341
132
429
271
288
946
432
957
331
859
448
609
511
361
618
916
565
724
48
249
854
227
166
793
484
192
196
536
253
321
105
390
303
256
48
767
29
700
793
501
240
694
780
819
960
225
73
320
497
664
485
378
197
933
976
291
946
293
208
73
106
51
506
357
724
646
462
338
783
691
420
650
458
543
320
394
0
679
707
662
249
905
475
254
195
627
621
236
965
752
264
385
171
18
761
241
90
559
95
265
493
842
825
753
331
154
599
923
261
506
970
613
538
212
76
717
877
590
455
121
213
33
436
711
877
447
336
229
452
810
416
412
143
526
87
885
133
220
874
943
385
620
722
206
610
536
481
717
337
245
109
298
852
817
398
237
349
509
850
634
697
571
673
92
354
687
262
471
313
419
492
706
883
164
829
199
122
124
966
582
28
667
634
25
573
654
182
477
372
503
312
905
0
307
184
773
758
916
408
978
182
791
543
489
937
610
668
770
618
191
848
34
935
859
453
999
959
147
765
727
423
383
891
109
245
57
403
857
687
795
673
50
532
58
232
160
134
875
953
11
615
178
118
627
760
86
742
438
37
858
470
722
546
431
918
205
452
453
294
272
258
890
898
720
619
90
659
935
609
886
774
577
367
656
741
472
331
116
687
367
139
690
618
728
413
656
834
773
743
420
165
714
630
278
957
224
141
279
83
10
11
578
320
662
552
626
471
45
362
263
280
224
756
345
375
987
634
305
320
713
952
495
49
789
940
613
357
494
736
522
731
706
866
826
149
974
132
697
409
897
658
317
353
586
479
180
278
653
78
295
536
987
488
986
547
849
787
761
278
359
532
789
287
249
999
386
872
143
786
422
387
891
60
641
165
64
932
324
304
483
653
489
891
470
683
258
737
478
721
39
896
903
255
999
85
957
923
860
199
687
149
668
724
338
950
544
172
644
9
168
856
53
648
73
197
388
126
916
153
772
469
327
690
417
654
345
6
36
364
484
787
459
503
71
637
40
743
499
769
46
594
333
464
512
432
341
74
980
528
122
448
250
612
898
973
821
472
661
770
317
705
847
414
853
506
213
209
440
985
732
983
889
729
838
415
195
135
908
928
559
251
437
725
630
786
907
109
121
676
122
790
85
181
17
497
128
692
216
103
148
811
319
260
514
966
176
324
493
172
454
39
831
82
929
348
511
500
226
371
259
699
538
354
519
367
981
424
694
557
510
231
426
702
405
158
965
498
589
849
917
326
585
856
640
539
665
754
130
521
803
710
750
777
383
884
3
823
925
190
967
76
177
514
46
743
157
906
528
59
610
165
257
558
784
789
357
674
867
192
737
587
212
959
46
992
665
221
797
972
706
375
411
919
68
860
500
211
646
159
211
497
660
561
576
865
689
202
885
520
906
232
602
684
473
637
169
415
452
5
10
217
734
379
855
680
903
193
153
594
786
524
191
240
199
933
862
280
330
357
506
591
678
692
113
251
578
984
565
910
156
897
326
653
905
126
744
890
9
677
323
676
749
981
26
331
124
351
398
587
35
448
139
182
298
399
84
894
283
695
348
73
595
778
437
98
885
89
459
753
670
578
568
826
242
412
146
545
301
188
639
852
985
947
214
625
249
99
830
58
82
324
963
669
843
648
881
986
742
428
729
930
885
459
124
865
281
935
987
784
271
806
926
539
245
676
567
361
827
445
805
949
185
736
350
786
887
342
13
728
924
222
395
405
425
641
177
179
184
836
831
261
489
632
511
898
171
276
25
195
590
197
246
672
105
90
309
86
425
992
955
649
770
299
511
935
177
433
515
304
0
264
638
569
945
193
34
935
466
67
504
136
540
834
667
799
132
207
960
465
487
950
462
290
990
655
118
805
252
790
110
241
856
190
925
265
440
985
331
240
223
961
471
692
354
777
496
145
439
862
171
514
233
204
982
64
237
68
240
907
719
830
673
278
259
130
186
26
6
525
313
192
325
203
103
551
818
557
177
509
626
129
125
944
456
455
329
905
381
26
947
780
449
509
675
14
516
22
997
69
768
638
982
941
446
175
926
860
852
167
861
923
388
711
414
643
941
545
178
331
63
85
824
154
71
193
114
849
786
784
449
887
919
311
883
349
64
657
34
678
712
190
949
724
517
485
105
142
75
370
186
188
578
288
477
773
677
346
312
102
224
944
679
402
81
704
516
518
989
369
952
787
394
501
967
918
209
332
170
91
310
40
649
86
207
962
419
202
830
692
989
422
125
111
785
248
932
848
931
681
366
916
167
822
775
640
806
192
104
327
224
23
457
696
426
211
968
460
176
67
645
623
758
420
633
286
517
888
876
793
674
27
534
404
278
55
682
144
645
305
771
910
167
897
206
618
203
875
227
185
470
526
58
622
478
847
429
432
385
405
149
876
846
109
194
835
955
525
513
172
959
767
425
811
443
423
916
523
967
504
614
117
249
43
10
500
647
582
444
790
122
309
681
374
425
941
710
502
75
695
838
490
608
914
718
892
893
778
117
234
829
157
739
32
319
258
85
808
794
741
311
130
178
77
111
197
672
803
831
25
892
336
620
967
955
482
226
307
464
774
875
772
433
75
74
653
542
607
539
52
932
886
510
548
210
154
957
14
654
32
739
747
29
348
51
997
0
173
643
275
614
124
366
207
21
474
61
0
451
712
453
116
633
525
102
135
807
371
773
395
560
609
855
307
93
526
0
525
980
808
22
849
737
46
481
502
908
186
740
810
774
702
994
539
277
695
13
739
718
849
657
627
354
681
207
520
669
393
978
242
942
293
885
32
784
93
346
87
241
91
202
436
814
214
647
757
593
610
851
200
831
704
37
449
154
246
465
623
984
831
954
76
295
788
229
286
269
287
231
464
84
519
605
169
943
381
59
12
182
542
30
987
282
140
435
660
584
400
551
169
120
167
997
808
54
864
45
213
528
179
653
949
138
755
670
147
818
3
286
361
49
519
238
775
793
205
287
603
394
162
997
676
409
375
121
21
985
645
913
221
532
956
284
747
465
702
398
377
401
450
923
805
1
682
584
889
633
471
951
263
773
242
988
917
568
687
160
22
303
584
281
756
11
991
629
783
753
120
780
292
857
291
467
274
212
648
427
418
553
716
283
219
119
863
314
996
936
928
394
285
779
737
461
736
530
654
901
878
181
148
843
822
380
578
284
282
808
164
762
168
361
60
767
211
359
228
611
868
20
892
872
7
631
773
937
977
110
810
711
622
827
237
825
554
17
371
320
14
731
843
594
130
379
76
285
212
877
247
827
853
155
89
285
212
594
55
960
740
958
989
779
533
710
688
306
518
709
593
257
874
273
537
204
259
509
611
633
399
514
950
420
21
747
100
999
831
158
847
104
983
8
521
126
280
594
213
659
743
296
269
502
351
454
971
389
104
813
336
688
302
361
130
919
356
860
58
452
443
124
60
628
484
867
494
490
348
965
443
975
26
747
851
752
942
936
236
927
800
176
928
559
585
767
62
740
394
857
889
70
427
581
504
367
175
796
435
801
457
969
94
374
167
303
67
498
860
794
894
112
391
118
567
526
674
62
952
904
774
32
824
708
499
838
433
284
962
971
676
92
186
109
535
165
264
402
227
155
209
216
335
106
415
625
928
858
538
378
855
825
391
124
491
528
880
16
629
309
953
57
606
163
614
247
837
18
711
541
833
7
857
62
849
98
92
559
596
489
231
565
418
687
649
204
324
66
127
314
903
71
41
508
84
802
84
488
170
508
887
230
513
458
163
13
971
768
623
940
744
738
613
292
539
994
341
909
820
830
860
554
453
183
61
122
407
264
720
86
637
395
227
183
547
44
898
370
547
368
524
893
158
145
568
503
646
997
741
531
732
478
844
818
916
905
561
769
768
318
539
535
835
732
22
468
477
537
718
788
997
701
577
461
222
37
58
941
231
406
774
370
602
274
302
834
625
843
91
640
769
796
614
952
908
282
261
72
698
530
447
185
329
552
93
654
571
974
713
256
193
40
26
759
572
223
351
403
168
756
566
317
563
160
461
829
187
948
390
173
291
437
91
227
475
69
359
778
44
330
693
28
479
986
481
147
358
746
210
894
143
697
225
566
486
883
926
808
230
361
433
707
330
911
6
617
559
797
911
426
851
26
755
896
823
474
282
773
320
32
397
290
865
386
768
593
566
96
378
430
802
160
412
546
176
669
343
362
849
635
146
442
499
699
784
578
874
986
864
833
213
845
666
844
936
621
340
961
307
206
552
212
635
146
97
716
623
726
742
637
520
590
717
441
472
927
24
158
219
392
778
965
140
425
90
425
242
418
317
259
487
708
36
987
712
892
438
424
844
826
176
772
58
866
493
782
998
826
423
974
80
574
238
591
912
88
687
12
290
342
560
820
126
221
43
695
263
296
476
773
466
162
515
808
986
104
35
377
162
91
861
543
741
304
750
867
396
523
243
539
293
950
407
804
443
322
584
636
902
991
250
795
383
921
514
787
205
856
532
828
474
501
838
251
562
206
188
542
118
720
971
997
244
23
318
685
309
367
604
307
506
782
157
443
732
782
795
927
569
669
595
217
442
209
270
126
347
923
670
379
5
913
129
710
395
306
308
906
158
828
793
640
35
331
971
449
792
46
297
969
724
325
84
972
122
936
985
522
429
93
260
798
821
430
973
477
935
988
45
730
679
67
437
41
579
375
105
754
293
95
278
296
484
129
156
961
481
538
993
610
960
992
366
833
67
952
17
824
88
521
996
754
795
563
143
591
995
518
26
574
462
331
358
577
273
696
708
767
440
409
427
521
389
307
164
587
237
764
326
681
255
622
16
974
998
387
128
417
855
523
106
314
838
806
184
44
496
724
126
4
794
83
797
437
929
711
243
483
603
862
983
399
194
508
701
786
935
454
924
201
133
37
534
387
487
463
449
585
77
848
535
327
143
47
62
154
775
637
298
548
723
940
552
969
396
954
28
379
348
399
599
767
95
946
183
35
409
165
428
281
552
474
516
480
641
921
17
696
376
102
742
337
679
802
317
134
28
120
32
271
562
103
284
381
249
193
471
233
36
41
22
868
981
786
806
124
814
972
536
48
381
753
481
305
973
728
874
248
379
713
519
994
418
233
494
403
668
446
94
328
947
728
810
327
153
845
393
707
834
830
846
770
137
976
771
375
992
901
684
193
750
244
665
324
696
651
133
422
146
56
738
587
582
637
430
985
908
961
887
770
349
928
255
147
604
519
73
631
208
284
236
663
853
783
80
855
709
335
251
512
406
32
858
467
896
507
237
756
390
960
18
862
50
175
452
875
198
130
568
645
190
634
10
657
367
191
898
367
163
601
583
791
819
176
938
284
960
712
372
448
500
858
877
312
814
770
614
934
174
770
396
978
299
672
697
760
838
514
666
856
939
890
615
803
936
256
378
716
26
753
324
515
496
850
740
967
472
683
847
39
708
748
305
686
728
419
835
359
799
87
472
610
930
603
284
740
827
792
985
990
972
98
580
878
544
223
269
709
589
344
6
92
954
147
387
328
153
569
221
774
969
125
185
497
936
409
61
967
675
305
602
283
267
717
358
932
291
636
301
500
360
219
70
499
54
164
667
107
656
226
991
808
179
302
778
513
191
847
234
457
836
42
545
272
65
40
978
193
784
144
145
571
576
578
222
413
671
625
282
390
164
31
770
667
917
288
671
569
322
864
76
683
932
959
284
750
441
414
249
668
844
540
448
97
512
529
588
179
779
665
863
564
398
513
199
337
687
190
944
296
453
567
190
215
55
285
646
643
548
62
340
227
51
617
593
278
506
379
415
966
692
388
931
532
66
279
305
810
182
780
132
733
656
572
948
206
596
669
73
256
217
397
29
911
948
896
659
438
349
711
914
899
657
989
103
851
140
551
593
591
744
510
679
788
655
54
244
666
85
393
317
493
553
314
112
537
353
187
427
261
845
649
440
220
830
206
266
196
514
237
773
352
870
513
15
486
917
782
841
440
119
985
705
525
62
115
52
716
496
105
464
127
557
711
911
437
513
360
473
294
340
291
11
136
708
920
45
690
90
682
219
83
546
858
104
371
818
37
283
813
43
85
450
712
950
924
543
414
101
769
988
365
583
909
410
166
600
398
168
126
90
574
180
806
250
902
584
29
641
553
159
252
76
209
551
61
63
75
853
570
421
525
923
466
752
304
114
688
567
713
813
502
480
116
11
207
582
91
899
434
630
559
257
312
704
942
210
499
711
964
185
130
946
156
163
464
826
785
174
51
882
104
420
588
219
760
475
399
20
752
953
292
379
71
522
186
944
172
410
19
420
838
144
273
971
691
599
632
576
653
633
23
310
460
274
860
909
578
292
623
190
528
223
210
809
793
602
124
1
182
793
936
317
49
361
823
322
658
528
199
13
410
561
190
287
585
23
897
515
669
911
264
872
42
849
932
526
913
915
533
369
204
547
104
737
658
348
719
22
706
560
978
872
121
320
612
407
772
321
916
543
292
294
591
516
752
126
770
311
196
83
930
907
870
117
166
448
16
804
813
507
72
112
568
40
315
542
804
46
237
291
999
234
533
731
48
508
657
538
384
940
51
298
21
496
210
740
399
845
634
600
928
788
822
890
221
518
932
746
316
315
128
260
893
838
898
894
437
364
866
637
174
867
717
576
661
394
799
619
976
800
354
7
679
336
826
985
577
522
486
375
419
148
976
751
474
776
928
386
598
631
325
187
471
279
374
742
930
269
293
81
672
403
379
851
324
942
250
176
741
756
493
86
182
685
262
664
875
769
701
499
956
924
